1,1,1,18,20,11,1
2,2,2,17,19,12,14
3,3,3,16,18,13,7
4,4,4,15,17,14,20
5,5,5,14,16,15,13
6,6,6,13,15,16,6
7,7,7,12,14,17,19
8,8,8,11,13,18,12
9,9,9,10,12,19,5
10,10,10,9,11,20,18
11,11,11,8,10,1,11
12,12,12,7,9,2,4
13,13,13,6,8,3,17
14,14,1,5,7,4,14
15,15,2,4,6,5,7
16,16,3,3,5,6,20
17,17,4,2,4,7,13
18,18,5,1,3,8,6
19,19,6,20,2,9,19
20,20,7,19,1,10,12
21,1,8,18,20,11,5
22,2,9,17,19,12,18
23,3,10,16,18,13,11
24,4,11,15,17,14,4
25,5,12,14,16,15,17
26,6,13,13,15,16,10
27,7,1,12,14,17,7
28,8,2,11,13,18,20
29,9,3,10,12,19,13
30,10,4,9,11,20,6
31,11,5,8,10,1,19
32,12,6,7,9,2,12
33,13,7,6,8,3,5
34,14,8,5,7,4,18
35,15,9,4,6,5,11
36,16,10,3,5,6,4
37,17,11,2,4,7,17
38,18,12,1,3,8,10
39,19,13,20,2,9,3
40,20,1,19,1,10,20
41,1,2,18,20,11,13
42,2,3,17,19,12,6
43,3,4,16,18,13,19
44,4,5,15,17,14,12
45,5,6,14,16,15,5
46,6,7,13,15,16,18
47,7,8,12,14,17,11
48,8,9,11,13,18,4
49,9,10,10,12,19,17
50,10,11,9,11,20,10
51,11,12,8,10,1,3
52,12,13,7,9,2,16
53,13,1,6,8,3,13
54,14,2,5,7,4,6
55,15,3,4,6,5,19
56,16,4,3,5,6,12
57,17,5,2,4,7,5
58,18,6,1,3,8,18
59,19,7,20,2,9,11
60,20,8,19,1,10,4
61,1,9,18,20,11,17
62,2,10,17,19,12,10
63,3,11,16,18,13,3
64,4,12,15,17,14,16
65,5,13,14,16,15,9
66,6,1,13,15,16,6
67,7,2,12,14,17,19
68,8,3,11,13,18,12
69,9,4,10,12,19,5
70,10,5,9,11,20,18
71,11,6,8,10,1,11
72,12,7,7,9,2,4
73,13,8,6,8,3,17
74,14,9,5,7,4,10
75,15,10,4,6,5,3
76,16,11,3,5,6,16
77,17,12,2,4,7,9
78,18,13,1,3,8,2
79,19,1,20,2,9,19
80,20,2,19,1,10,12
81,1,3,18,20,11,5
82,2,4,17,19,12,18
83,3,5,16,18,13,11
84,4,6,15,17,14,4
85,5,7,14,16,15,17
86,6,8,13,15,16,10
87,7,9,12,14,17,3
88,8,10,11,13,18,16
89,9,11,10,12,19,9
90,10,12,9,11,20,2
91,11,13,8,10,1,15
92,12,1,7,9,2,12
93,13,2,6,8,3,5
94,14,3,5,7,4,18
95,15,4,4,6,5,11
96,16,5,3,5,6,4
97,17,6,2,4,7,17
98,18,7,1,3,8,10
99,19,8,20,2,9,3
100,20,9,19,1,10,16
101,1,10,18,20,11,9
102,2,11,17,19,12,2
103,3,12,16,18,13,15
104,4,13,15,17,14,8
105,5,1,14,16,15,5
106,6,2,13,15,16,18
107,7,3,12,14,17,11
108,8,4,11,13,18,4
109,9,5,10,12,19,17
110,10,6,9,11,20,10
111,11,7,8,10,1,3
112,12,8,7,9,2,16
113,13,9,6,8,3,9
114,14,10,5,7,4,2
115,15,11,4,6,5,15
116,16,12,3,5,6,8
117,17,13,2,4,7,1
118,18,1,1,3,8,18
119,19,2,20,2,9,11
120,20,3,19,1,10,4
121,1,4,18,20,11,17
122,2,5,17,19,12,10
123,3,6,16,18,13,3
124,4,7,15,17,14,16
125,5,8,14,16,15,9
126,6,9,13,15,16,2
127,7,10,12,14,17,15
128,8,11,11,13,18,8
129,9,12,10,12,19,1
130,10,13,9,11,20,14
131,11,1,8,10,1,11
132,12,2,7,9,2,4
133,13,3,6,8,3,17
134,14,4,5,7,4,10
135,15,5,4,6,5,3
136,16,6,3,5,6,16
137,17,7,2,4,7,9
138,18,8,1,3,8,2
139,19,9,20,2,9,15
140,20,10,19,1,10,8
141,1,11,18,20,11,1
142,2,12,17,19,12,14
143,3,13,16,18,13,7
144,4,1,15,17,14,4
145,5,2,14,16,15,17
146,6,3,13,15,16,10
147,7,4,12,14,17,3
148,8,5,11,13,18,16
149,9,6,10,12,19,9
150,10,7,9,11,20,2
151,11,8,8,10,1,15
152,12,9,7,9,2,8
153,13,10,6,8,3,1
154,14,11,5,7,4,14
155,15,12,4,6,5,7
156,16,13,3,5,6,20
157,17,1,2,4,7,17
158,18,2,1,3,8,10
159,19,3,20,2,9,3
160,20,4,19,1,10,16
161,1,5,18,20,11,9
162,2,6,17,19,12,2
163,3,7,16,18,13,15
164,4,8,15,17,14,8
165,5,9,14,16,15,1
166,6,10,13,15,16,14
167,7,11,12,14,17,7
168,8,12,11,13,18,20
169,9,13,10,12,19,13
170,10,1,9,11,20,10
171,11,2,8,10,1,3
172,12,3,7,9,2,16
173,13,4,6,8,3,9
174,14,5,5,7,4,2
175,15,6,4,6,5,15
176,16,7,3,5,6,8
177,17,8,2,4,7,1
178,18,9,1,3,8,14
179,19,10,20,2,9,7
180,20,11,19,1,10,20
181,1,12,18,20,11,13
182,2,13,17,19,12,6
183,3,1,16,18,13,3
184,4,2,15,17,14,16
185,5,3,14,16,15,9
186,6,4,13,15,16,2
187,7,5,12,14,17,15
188,8,6,11,13,18,8
189,9,7,10,12,19,1
190,10,8,9,11,20,14
191,11,9,8,10,1,7
192,12,10,7,9,2,20
193,13,11,6,8,3,13
194,14,12,5,7,4,6
195,15,13,4,6,5,19
196,16,1,3,5,6,16
197,17,2,2,4,7,9
198,18,3,1,3,8,2
199,19,4,20,2,9,15
200,20,5,19,1,10,8
201,1,6,18,20,11,1
202,2,7,17,19,12,14
203,3,8,16,18,13,7
204,4,9,15,17,14,20
205,5,10,14,16,15,13
206,6,11,13,15,16,6
207,7,12,12,14,17,19
208,8,13,11,13,18,12
209,9,1,10,12,19,9
210,10,2,9,11,20,2
211,11,3,8,10,1,15
212,12,4,7,9,2,8
213,13,5,6,8,3,1
214,14,6,5,7,4,14
215,15,7,4,6,5,7
216,16,8,3,5,6,20
217,17,9,2,4,7,13
218,18,10,1,3,8,6
219,19,11,20,2,9,19
220,20,12,19,1,10,12
221,1,13,18,20,11,5
222,2,1,17,19,12,2
223,3,2,16,18,13,15
224,4,3,15,17,14,8
225,5,4,14,16,15,1
226,6,5,13,15,16,14
227,7,6,12,14,17,7
228,8,7,11,13,18,20
229,9,8,10,12,19,13
230,10,9,9,11,20,6
231,11,10,8,10,1,19
232,12,11,7,9,2,12
233,13,12,6,8,3,5
234,14,13,5,7,4,18
235,15,1,4,6,5,15
236,16,2,3,5,6,8
237,17,3,2,4,7,1
238,18,4,1,3,8,14
239,19,5,20,2,9,7
240,20,6,19,1,10,20
241,1,7,18,20,11,13
242,2,8,17,19,12,6
243,3,9,16,18,13,19
244,4,10,15,17,14,12
245,5,11,14,16,15,5
246,6,12,13,15,16,18
247,7,13,12,14,17,11
248,8,1,11,13,18,8
249,9,2,10,12,19,1
250,10,3,9,11,20,14
251,11,4,8,10,1,7
252,12,5,7,9,2,20
253,13,6,6,8,3,13
254,14,7,5,7,4,6
255,15,8,4,6,5,19
256,16,9,3,5,6,12
257,17,10,2,4,7,5
258,18,11,1,3,8,18
259,19,12,20,2,9,11
260,20,13,19,1,10,4
